0.001953 19999 20040
0.033203 20110 20674
0.064453 20335 21365
0.095703 20739 22093
0.126953 21320 22873
0.158203 22067 23733
0.189453 22924 24581
0.220703 23782 25481
0.251953 24646 26428
0.283203 25597 27470
0.314453 26565 28526
0.345703 27632 29624
0.376953 28709 30770
0.408203 29856 32012
0.439453 31045 33259
0.470703 32319 34605
0.501953 33603 36048
0.533203 34920 37602
0.564453 36321 39101
0.595703 37828 40805
0.626953 39362 42488
0.658203 41003 44076
0.689453 42731 45420
0.720703 44505 46504
0.751953 46273 47200
0.783203 48200 47683
0.814453 50210 47812
0.845703 52241 47507
0.876953 54423 46937
0.908203 56673 46097
0.939453 58994 45045
0.970703 61453 43872
1.001953 63981 42451
1.033203 65989 40583
1.064453 68141 38798
1.095703 70288 36905
1.126953 72528 34907
1.158203 74897 33018
1.189453 77159 31127
1.220703 79696 29269
1.251953 82249 27353
1.283203 84955 25539
1.314453 87690 23611
1.345703 89947 21736
1.376953 90789 20064
1.408203 90300 18709
1.439453 88645 17437
1.470703 86332 16509
1.501953 83196 15714
1.533203 79675 15089
1.564453 75864 14660
1.595703 71879 14413
1.626953 68317 14422
1.658203 64839 14547
1.689453 61706 14838
1.720703 58985 15254
1.751953 56686 15784
1.783203 54648 16342
1.814453 52878 16861
1.845703 51541 17404
1.876953 50480 17949
1.908203 49607 18512
1.939453 49093 19086
1.970703 48875 19655
2.001953 48821 20268
2.033203 49094 20887
2.064453 49720 21543
2.095703 50634 22180
2.126953 51851 22860
2.158203 53401 23600
2.189453 55112 24219
2.220703 56818 24717
2.251953 58556 25072
2.283203 60382 25286
2.314453 62286 25347
2.345703 64229 25281
2.376953 66283 25066
2.408203 68385 24627
2.439453 70578 24045
2.470703 72821 23407
2.501953 75015 22779
2.533203 76738 21858
2.564453 77822 21009
2.595703 78284 20176
2.626953 78215 19479
2.658203 77531 18812
2.689453 76366 18227
2.720703 74892 17737
2.751953 73248 17318
2.783203 71309 17069
2.814453 69534 16956
2.845703 67520 16910
2.876953 65746 16946
2.908203 63932 17081
2.939453 62209 17358
2.970703 60740 17647
3.001953 59538 18083
3.033203 58655 18547
3.064453 58076 19030
3.095703 57750 19538
3.126953 57662 20073
3.158203 57911 20558
3.189453 58295 21005
3.220703 59036 21416
3.251953 59903 21789
3.283203 61078 22092
3.314453 62334 22307
3.345703 63762 22396
3.376953 65287 22331
3.408203 66693 22256
3.439453 68159 22090
3.470703 69433 21848
3.501953 70581 21472
3.533203 71454 21086
3.564453 72085 20747
3.595703 72579 20324
3.626953 72652 19868
3.658203 72480 19426
3.689453 72015 19046
3.720703 71327 18706
3.751953 70421 18552
3.783203 69493 18448
3.814453 68451 18340
3.845703 67537 18231
3.876953 66405 18235
3.908203 65438 18292
3.939453 64376 18379
3.970703 63506 18597
4.001953 62762 18798
4.033203 62226 19067
4.064453 61770 19290
4.095703 61536 19586
4.126953 61375 19855
4.158203 61355 20146
4.189453 61556 20467
4.220703 61878 20715
4.251953 62363 20900
4.283203 63027 21092
4.314453 63766 21179
4.345703 64472 21183
4.376953 65172 21231
4.408203 65918 21206
4.439453 66743 21125
4.470703 67507 21028
4.501953 68198 20918
4.533203 68636 20710
4.564453 69096 20577
4.595703 69481 20310
4.626953 69566 20058
4.658203 69481 19809
4.689453 69299 19575
4.720703 69115 19410
4.751953 68698 19294
4.783203 68297 19201
4.814453 67700 19098
4.845703 67230 19064
4.876953 66637 19064
4.908203 66125 19092
4.939453 65699 19168
4.970703 65318 19268
5.001953 64943 19324
5.033203 64627 19437
5.064453 64263 19554
5.095703 64166 19689
5.126953 64021 19809
5.158203 64014 19921
5.189453 63949 20013
5.220703 64115 20131
5.251953 64369 20190
5.283203 64573 20345
5.314453 64714 20453
5.345703 64992 20520
5.376953 65298 20505
5.408203 65643 20558
5.439453 65987 20546
5.470703 66390 20484
5.501953 66598 20489
5.533203 66807 20419
5.564453 67198 20235
5.595703 67332 20115
5.626953 67390 20074
5.658203 67370 19973
5.689453 67363 19920
5.720703 67260 19803
5.751953 67119 19801
5.783203 66972 19702
5.814453 66748 19621
5.845703 66482 19575
5.876953 66309 19547
5.908203 66039 19496
5.939453 65819 19516
5.970703 65674 19600
6.001953 65438 19659
6.033203 65111 19716
6.064453 65060 19777
6.095703 64969 19821
6.126953 64850 19910
6.158203 64905 19975
6.189453 64947 20053
6.220703 64977 20093
6.251953 65034 20138
6.283203 65085 20186
6.314453 65127 20296
6.345703 65260 20324
6.376953 65449 20359
6.408203 65654 20388
6.439453 65923 20402
6.470703 66255 20372
6.501953 66443 20310
6.533203 66678 20218
6.564453 66877 20146
6.595703 66884 20068
6.626953 66998 20045
6.658203 67040 20000
6.689453 67024 19919
6.720703 66995 19800
6.751953 66961 19665
6.783203 66755 19593
6.814453 66404 19591
6.845703 66140 19567
6.876953 65985 19579
6.908203 65749 19602
6.939453 65502 19658
6.970703 65336 19752
7.001953 65134 19830
7.033203 65080 19923
7.064453 65110 20005
7.095703 65311 20043
7.126953 65319 20096
7.158203 65423 20193
7.189453 65494 20230
7.220703 65637 20234
7.251953 65757 20223
7.283203 65867 20215
7.314453 65942 20145
7.345703 66051 20141
7.376953 66177 20070
7.408203 66320 20073
7.439453 66374 20042
7.470703 66488 20045
7.501953 66529 20000
7.533203 66502 19975
7.564453 66557 19953
7.595703 66525 19905
7.626953 66437 19862
7.658203 66283 19783
7.689453 66215 19717
7.720703 66051 19693
7.751953 65999 19750
7.783203 65928 19738
7.814453 65686 19710
7.845703 65604 19725
7.876953 65369 19811
7.908203 65248 19861
7.939453 65148 19921
7.970703 65120 19974
8.001953 65043 19960
8.033203 65183 19993
8.064453 65210 20031
8.095703 65184 20135
8.126953 65178 20112
8.158203 65263 20178
8.189453 65422 20224
8.220703 65537 20207
8.251953 65724 20196
8.283203 65898 20176
8.314453 66105 20193
8.345703 66259 20177
8.376953 66368 20162
8.408203 66531 20153
8.439453 66486 20070
8.470703 66557 20041
8.501953 66586 19966
8.533203 66634 19956
8.564453 66683 19885
8.595703 66733 19924
8.626953 66673 19888
8.658203 66753 19849
8.689453 66666 19832
8.720703 66595 19838
8.751953 66632 19850
8.783203 66409 19818
8.814453 66141 19804
8.845703 65970 19804
8.876953 65791 19845
8.908203 65640 19888
8.939453 65651 19900
8.970703 65615 19897
9.001953 65534 19915
9.033203 65494 19919
9.064453 65524 19943
9.095703 65493 19954
9.126953 65455 20039
9.158203 65469 20056
9.189453 65553 20042
9.220703 65624 20034
9.251953 65723 20093
9.283203 65774 20136
9.314453 65898 20080
9.345703 66053 20128
9.376953 66134 20083
9.408203 66148 20111
9.439453 66335 20138
9.470703 66359 20039
9.501953 66398 20012
9.533203 66334 19991
9.564453 66346 19966
9.595703 66317 19956
9.626953 66339 20003
9.658203 66411 19975
9.689453 66415 19951
9.720703 66466 19910
9.751953 66503 19978
9.783203 66594 19919
9.814453 66482 19896
9.845703 66438 19817
9.876953 66444 19826
9.908203 66229 19776
9.939453 66113 19800
9.970703 65994 19786
10.001953 65949 19800
10.033203 65819 19861
10.064453 65783 19863
10.095703 65666 19861
10.126953 65636 19852
10.158203 65563 19903
10.189453 65502 19885
10.220703 65546 19895
10.251953 65487 19876
10.283203 65443 19862
10.314453 65342 19958
10.345703 65287 19945
10.376953 65204 20012
10.408203 65314 20117
10.439453 65429 20119
10.470703 65508 20097
10.501953 65647 20118
10.533203 65830 20139
10.564453 65947 20164
10.595703 66070 20196
10.626953 66224 20238
10.658203 66354 20183
10.689453 66544 20084
10.720703 66633 19994
10.751953 66760 19985
10.783203 66676 19941
10.814453 66673 19929
10.845703 66623 19871
10.876953 66483 19807
10.908203 66392 19779
10.939453 66294 19768
10.970703 66189 19762
11.001953 66180 19768
11.033203 66079 19748
11.064453 65894 19724
11.095703 65726 19768
11.126953 65763 19813
11.158203 65609 19842
11.189453 65705 19927
11.220703 65627 19982
11.251953 65596 19945
11.283203 65626 19975
11.314453 65634 19975
11.345703 65504 19986
11.376953 65673 20072
11.408203 65794 20061
11.439453 65979 20115
11.470703 65973 20098
